ch	ring	ped	gain
32	0	0.037164072	0.020466511
32	1	0.037164072	0.020466511
32	2	0.037287373	0.020534413
32	3	0.038271294	0.021076265
32	4	0.039356575	0.021673937
32	5	0.039864138	0.021953455
32	6	0.040047249	0.022054296
32	7	0.040619319	0.022369338
32	8	0.040997672	0.0225777
32	9	0.041186046	0.022681439
32	10	0.040993193	0.022575234
32	11	0.041183604	0.022680094
32	12	0.041835548	0.023039124
32	13	0.042057488	0.023161348
32	14	0.042623182	0.02347288
32	15	0.042497145	0.02340347
33	0	0.042497145	0.02340347
33	1	0.035569475	0.019588355
33	2	0.035945018	0.019795169
33	3	0.036181423	0.019925359
33	4	0.03583932	0.01973696
33	5	0.036131689	0.01989797
33	6	0.035742577	0.019683683
33	7	0.035199846	0.019384798
33	8	0.035101474	0.019330623
33	9	0.036419521	0.020056481
33	10	0.036220776	0.019947031
33	11	0.03513817	0.019350832
33	12	0.036014035	0.019833177
33	13	0.037340762	0.020563815
33	14	0.037802138	0.020817898
33	15	0.037995732	0.020924511
34	0	0.039386252	0.02169028
34	1	0.04007947	0.02207204
34	2	0.04087599	0.022510689
34	3	0.041511883	0.02286088
34	4	0.041511883	0.02286088
34	5	0.042636504	0.023480217
34	6	0.042995766	0.023678065
34	7	0.043659802	0.024043754
34	8	0.04385457	0.024151014
34	9	0.044229643	0.024357569
34	10	0.044354784	0.024426485
34	11	0.044487343	0.024499486
34	12	0.044961573	0.024760648
34	13	0.045354454	0.02497701
34	14	0.045348445	0.024973701
34	15	0.045408556	0.025006804
35	0	0.034419746	0.018955191
35	1	0.035998804	0.019824789
35	2	0.037462377	0.020630789
35	3	0.037653137	0.020735842
35	4	0.037653137	0.020735842
35	5	0.03996316	0.022007987
35	6	0.041279483	0.022732895
35	7	0.041229807	0.022705539
35	8	0.04192605	0.023088964
35	9	0.042266277	0.02327633
35	10	0.04263754	0.023480787
35	11	0.042875145	0.023611638
35	12	0.043799033	0.024120429
35	13	0.044264186	0.024376592
35	14	0.044100031	0.024286191
35	15	0.044694657	0.024613655
36	0	0.039434012	0.021716582
36	1	0.040411027	0.022254631
36	2	0.0409806	0.022568299
36	3	0.04186827	0.023057145
36	4	0.042534051	0.023423795
36	5	0.042750654	0.023543079
36	6	0.043439271	0.023922306
36	7	0.043932757	0.024194072
36	8	0.044130284	0.024302851
36	9	0.044860712	0.024705103
36	10	0.045055101	0.024812155
36	11	0.045290975	0.024942052
36	12	0.045583377	0.02510308
36	13	0.045819213	0.025232956
36	14	0.046325153	0.025511581
36	15	0.046114163	0.025395387
37	0	0.039290502	0.02163755
37	1	0.040234603	0.022157473
37	2	0.041010861	0.022584964
37	3	0.041788953	0.023013464
37	4	0.042253055	0.023269049
37	5	0.043017338	0.023689944
37	6	0.043443402	0.023924581
37	7	0.043632046	0.024028468
37	8	0.043826534	0.024135574
37	9	0.044578116	0.024549475
37	10	0.044962515	0.024761167
37	11	0.045361196	0.024980723
37	12	0.04545523	0.025032508
37	13	0.046094833	0.025384742
37	14	0.04678247	0.025763428
37	15	0.047097283	0.025936798
38	0	0.039250818	0.021615696
38	1	0.040450036	0.022276113
38	2	0.040888035	0.022517323
38	3	0.041145459	0.022659088
38	4	0.041982274	0.023119927
38	5	0.042969564	0.023663635
38	6	0.04333487	0.023864811
38	7	0.04333487	0.023864811
38	8	0.043685414	0.024057858
38	9	0.043780554	0.024110252
38	10	0.043902529	0.024177425
38	11	0.04418736	0.024334283
38	12	0.043963097	0.02421078
38	13	0.043838515	0.024142172
38	14	0.044204008	0.024343452
38	15	0.04410233	0.024287457
39	0	0.050653204	0.027895068
39	1	0.051605737	0.028419635
39	2	0.052289327	0.028796093
39	3	0.053078523	0.029230708
39	4	0.053843399	0.02965193
39	5	0.054345846	0.029928632
39	6	0.054709285	0.03012878
39	7	0.056053415	0.030869002
39	8	0.05535206	0.030482761
39	9	0.055820896	0.030740952
39	10	0.055692383	0.030670179
39	11	0.055326242	0.030468542
39	12	0.055832549	0.030747369
39	13	0.056053415	0.030869002
39	14	0.056053415	0.030869002
39	15	0.055875376	0.030770954
40	0	0.03500268	0.019276217
40	1	0.035150895	0.01935784
40	2	0.035597295	0.019603676
40	3	0.035930783	0.019787329
40	4	0.036352129	0.020019368
40	5	0.036568409	0.020138475
40	6	0.036977863	0.020363964
40	7	0.037708737	0.020766461
40	8	0.039967997	0.022010651
40	9	0.039315161	0.02165113
40	10	0.039859266	0.021950772
40	11	0.040689014	0.02240772
40	12	0.042304297	0.023297268
40	13	0.042158134	0.023216775
40	14	0.042638936	0.023481556
40	15	0.043924762	0.024189669
41	0	0.032225429	0.017746766
41	1	0.032768076	0.018045605
41	2	0.033241032	0.018306065
41	3	0.033871485	0.01865326
41	4	0.034169598	0.018817433
41	5	0.034283753	0.018880299
41	6	0.03483263	0.019182569
41	7	0.035338294	0.019461042
41	8	0.03659467	0.020152937
41	9	0.037263411	0.020521217
41	10	0.037388436	0.020590069
41	11	0.038680202	0.021301453
41	12	0.039275644	0.021629368
41	13	0.039121071	0.021544243
41	14	0.040141871	0.022106405
41	15	0.041138946	0.022655501
42	0	0.035626955	0.01962001
42	1	0.036356966	0.020022032
42	2	0.036900302	0.02032125
42	3	0.037370238	0.020580047
42	4	0.037964284	0.020907193
42	5	0.038623435	0.021270192
42	6	0.039131592	0.021550037
42	7	0.039279866	0.021631693
42	8	0.039833209	0.021936422
42	9	0.040344114	0.022217781
42	10	0.040679599	0.022402536
42	11	0.040575075	0.022344973
42	12	0.040936656	0.022544099
42	13	0.04120224	0.022690357
42	14	0.041743645	0.022988513
42	15	0.041649271	0.02293654
43	0	0.045309676	0.024952351
43	1	0.046033021	0.025350702
43	2	0.046675247	0.02570438
43	3	0.046981824	0.025873214
43	4	0.047574881	0.026199814
43	5	0.047670776	0.026252625
43	6	0.048274448	0.026585071
43	7	0.048253364	0.02657346
43	8	0.048760736	0.026852873
43	9	0.048772696	0.026859459
43	10	0.048779593	0.026863258
43	11	0.048528468	0.026724962
43	12	0.048908095	0.026934025
43	13	0.048647667	0.026790605
43	14	0.048913899	0.026937221
43	15	0.047932251	0.026396621
44	0	0.037858904	0.020849159
44	1	0.03831123	0.021098258
44	2	0.039109441	0.021537838
44	3	0.039441711	0.021720822
44	4	0.040311201	0.022199656
44	5	0.040791982	0.022464425
44	6	0.041280495	0.022733453
44	7	0.041723374	0.02297735
44	8	0.041871184	0.02305875
44	9	0.042182054	0.023229947
44	10	0.04246515	0.023385851
44	11	0.042729783	0.023531586
44	12	0.043015742	0.023689065
44	13	0.043043187	0.02370418
44	14	0.043183534	0.02378147
44	15	0.043294971	0.023842839
45	0	0.033590656	0.018498605
45	1	0.034612076	0.019061109
45	2	0.035279153	0.019428473
45	3	0.035566284	0.019586598
45	4	0.036143658	0.019904562
45	5	0.036357246	0.020022186
45	6	0.036654674	0.020185982
45	7	0.036998396	0.020375272
45	8	0.037962352	0.020906129
45	9	0.038213008	0.021044167
45	10	0.038605913	0.021260542
45	11	0.038699884	0.021312293
45	12	0.038904274	0.021424852
45	13	0.038921393	0.021434279
45	14	0.039676857	0.021850319
45	15	0.039437767	0.02171865
46	0	0.039996622	0.022026415
46	1	0.040790956	0.022463861
46	2	0.041209803	0.022694522
46	3	0.041801082	0.023020144
46	4	0.0423506	0.023322767
46	5	0.042942243	0.023648589
46	6	0.043217844	0.023800364
46	7	0.043889088	0.024170023
46	8	0.044117145	0.024295615
46	9	0.043752057	0.024094559
46	10	0.044371201	0.024435526
46	11	0.044189451	0.024335435
46	12	0.044561248	0.024540186
46	13	0.04468887	0.024610468
46	14	0.044842907	0.024695298
46	15	0.044842907	0.024695298
47	0	0.034000114	0.018724097
47	1	0.034324481	0.018902728
47	2	0.034185373	0.018826121
47	3	0.034266976	0.01887106
47	4	0.034478018	0.018987282
47	5	0.035036979	0.019295105
47	6	0.035692113	0.019655892
47	7	0.035730206	0.019676871
47	8	0.03528907	0.019433934
47	9	0.035663785	0.019640292
47	10	0.035512374	0.019556909
47	11	0.035507414	0.019554178
47	12	0.035962397	0.01980474
47	13	0.035241254	0.019407601
47	14	0.036040788	0.01984791
47	15	0.036040788	0.01984791